5.120000000000000107e+00
5.580000000000000071e+00
5.860000000000000320e+00
5.980000000000000426e+00
6.120000000000000107e+00
6.740000000000000213e+00
7.299999999999999822e+00
8.119999999999999218e+00
8.939999999999999503e+00
9.779999999999999361e+00
1.056000000000000050e+01
1.146000000000000085e+01
1.164000000000000057e+01
1.188000000000000078e+01
1.238000000000000078e+01
1.280000000000000071e+01
1.406000000000000050e+01
1.464000000000000057e+01
1.503999999999999915e+01
1.546000000000000085e+01
1.692000000000000171e+01
1.701999999999999957e+01
1.726000000000000156e+01
1.751999999999999957e+01
1.835999999999999943e+01
1.889999999999999858e+01
1.919999999999999929e+01
1.994000000000000128e+01
2.021999999999999886e+01
2.032000000000000028e+01
2.057999999999999829e+01
2.067999999999999972e+01
2.092000000000000171e+01
2.110000000000000142e+01
2.139999999999999858e+01
2.164000000000000057e+01
2.198000000000000043e+01
2.214000000000000057e+01
2.233999999999999986e+01
2.246000000000000085e+01
2.271999999999999886e+01
2.289999999999999858e+01
2.317999999999999972e+01
2.339999999999999858e+01
2.362000000000000099e+01
2.371999999999999886e+01
2.437999999999999901e+01
2.505999999999999872e+01
2.544000000000000128e+01
2.553999999999999915e+01
2.569999999999999929e+01
2.607999999999999829e+01
2.621999999999999886e+01
2.650000000000000000e+01
2.689999999999999858e+01
2.703999999999999915e+01
2.742000000000000171e+01
2.762000000000000099e+01
2.783999999999999986e+01
2.823999999999999844e+01
2.860000000000000142e+01
2.880000000000000071e+01
2.892000000000000171e+01
2.910000000000000142e+01
2.923999999999999844e+01
2.939999999999999858e+01
2.973999999999999844e+01
2.987999999999999901e+01
3.044000000000000128e+01
3.067999999999999972e+01
3.096000000000000085e+01
3.112000000000000099e+01
3.126000000000000156e+01
3.144000000000000128e+01
3.164000000000000057e+01
3.176000000000000156e+01
3.200000000000000000e+01
3.220000000000000284e+01
3.229999999999999716e+01
3.252000000000000313e+01
3.267999999999999972e+01
3.296000000000000085e+01
3.320000000000000284e+01
3.338000000000000256e+01
3.360000000000000142e+01
3.379999999999999716e+01
3.414000000000000057e+01
3.446000000000000085e+01
3.475999999999999801e+01
3.489999999999999858e+01
3.515999999999999659e+01
3.528000000000000114e+01
3.606000000000000227e+01
3.661999999999999744e+01
3.682000000000000028e+01
3.706000000000000227e+01
3.728000000000000114e+01
3.750000000000000000e+01
3.771999999999999886e+01
3.835999999999999943e+01
3.847999999999999687e+01
3.889999999999999858e+01
3.915999999999999659e+01
3.946000000000000085e+01
3.978000000000000114e+01
