1.209999999999999964e+01
1.430000000000000071e+01
2.017999999999999972e+01
2.169999999999999929e+01
2.271999999999999886e+01
2.282000000000000028e+01
2.366000000000000014e+01
2.466000000000000014e+01
2.516000000000000014e+01
2.594000000000000128e+01
2.605999999999999872e+01
2.655999999999999872e+01
2.750000000000000000e+01
2.814000000000000057e+01
2.848000000000000043e+01
2.900000000000000000e+01
2.926000000000000156e+01
2.951999999999999957e+01
3.017999999999999972e+01
3.057999999999999829e+01
3.189999999999999858e+01
3.497999999999999687e+01
3.557999999999999829e+01
3.792000000000000171e+01
3.847999999999999687e+01
3.920000000000000284e+01
